Linux 5.15.0-kafka-broker (broker-1) 	06/08/2026 	_x86_64_	(8 CPU)

       00:00:00  CPU     %user     %nice   %system   %iowait    %steal     %idle
       00:00:00 all      7.86      0.00      2.42      1.06      0.00     88.66
       00:10:00 all      6.78      0.00      1.59      0.80      0.00     90.83
       00:20:00 all      6.97      0.00      2.03      0.52      0.00     90.48
       00:30:00 all      8.06      0.00      2.00      1.14      0.00     88.80
       00:40:00 all      7.45      0.00      1.79      0.73      0.00     90.03
       00:50:00 all      6.50      0.00      2.41      0.71      0.00     90.38
       01:00:00 all      6.76      0.00      2.46      0.83      0.00     89.95
       01:10:00 all      8.18      0.00      1.69      0.95      0.00     89.18
       01:20:00 all      9.41      0.00      1.80      1.30      0.00     87.49
       01:30:00 all      7.14      0.00      2.27      0.76      0.00     89.83
       01:40:00 all      7.62      0.00      2.46      0.95      0.00     88.97
       01:50:00 all      7.25      0.00      2.24      0.69      0.00     89.82
       02:00:00 all      6.62      0.00      1.74      1.46      0.00     90.18
       02:10:00 all      6.71      0.00      2.06      0.73      0.00     90.50
       02:20:00 all      7.84      0.00      1.68      0.56      0.00     89.92
       02:30:00 all      8.57      0.00      1.64      1.08      0.00     88.71
       02:40:00 all      7.95      0.00      1.82      1.23      0.00     89.00
       02:50:00 all      8.88      0.00      1.85      1.42      0.00     87.85
       03:00:00 all      8.37      0.00      2.08      0.88      0.00     88.67
       03:10:00 all      8.71      0.00      1.94      1.08      0.00     88.27
       03:20:00 all      8.60      0.00      2.11      1.00      0.00     88.29
       03:30:00 all      9.22      0.00      1.94      1.16      0.00     87.68
       03:40:00 all      9.14      0.00      2.08      0.88      0.00     87.90
       03:50:00 all      7.33      0.00      1.95      0.67      0.00     90.05
       04:00:00 all      9.45      0.00      1.57      0.95      0.00     88.03
       04:10:00 all      6.56      0.00      1.95      0.64      0.00     90.85
       04:20:00 all      8.39      0.00      2.31      1.16      0.00     88.14
       04:30:00 all      8.64      0.00      1.77      0.68      0.00     88.91
       04:40:00 all      9.22      0.00      2.43      0.59      0.00     87.76
       04:50:00 all      9.14      0.00      2.44      1.30      0.00     87.12
       05:00:00 all      7.14      0.00      2.48      1.40      0.00     88.98
       05:10:00 all      6.75      0.00      2.05      0.94      0.00     90.26
       05:20:00 all      7.51      0.00      1.64      1.29      0.00     89.56
       05:30:00 all      9.35      0.00      1.72      0.59      0.00     88.34
       05:40:00 all      7.44      0.00      2.35      0.88      0.00     89.33
       05:50:00 all      8.11      0.00      2.11      1.00      0.00     88.78
       06:00:00 all      8.57      0.00      2.04      0.57      0.00     88.82
       06:10:00 all      8.95      0.00      1.98      1.40      0.00     87.67
       06:20:00 all      7.08      0.00      2.19      0.73      0.00     90.00
       06:30:00 all      7.25      0.00      2.03      0.70      0.00     90.02
       06:40:00 all      8.42      0.00      2.35      1.03      0.00     88.20
       06:50:00 all      7.44      0.00      1.72      1.42      0.00     89.42
       07:00:00 all      9.00      0.00      2.29      0.92      0.00     87.79
       07:10:00 all      9.41      0.00      2.01      0.62      0.00     87.96
       07:20:00 all      8.16      0.00      2.07      1.01      0.00     88.76
       07:30:00 all      6.69      0.00      1.96      1.45      0.00     89.90
       07:40:00 all      8.60      0.00      1.68      1.34      0.00     88.38
       07:50:00 all      9.18      0.00      2.20      1.30      0.00     87.32
       08:00:00 all      7.27      0.00      2.24      1.41      0.00     89.08
       08:10:00 all      8.80      0.00      2.22      0.91      0.00     88.07
       08:20:00 all      7.20      0.00      2.17      1.44      0.00     89.19
       08:30:00 all      8.60      0.00      2.48      1.26      0.00     87.66
       08:40:00 all      7.63      0.00      1.75      0.60      0.00     90.02
       08:50:00 all      8.93      0.00      2.10      0.58      0.00     88.39
       09:00:00 all      8.33      0.00      2.45      0.56      0.00     88.66
       09:10:00 all      7.35      0.00      1.80      1.22      0.00     89.63
       09:20:00 all      8.75      0.00      2.49      0.55      0.00     88.21
       09:30:00 all      8.07      0.00      2.22      1.44      0.00     88.27
       09:40:00 all      7.11      0.00      2.03      0.55      0.00     90.31
       09:50:00 all      8.83      0.00      2.50      1.03      0.00     87.64
       10:00:00 all      7.58      0.00      2.19      0.77      0.00     89.46
       10:10:00 all      9.25      0.00      1.54      1.38      0.00     87.83
       10:20:00 all      6.76      0.00      2.05      1.18      0.00     90.01
       10:30:00 all      6.72      0.00      2.31      0.62      0.00     90.35
       10:40:00 all      8.46      0.00      1.83      1.49      0.00     88.22
       10:50:00 all      6.74      0.00      2.06      0.58      0.00     90.62
       11:00:00 all      6.75      0.00      2.22      0.80      0.00     90.23
       11:10:00 all      8.63      0.00      2.42      1.07      0.00     87.88
       11:20:00 all      9.30      0.00      1.75      1.39      0.00     87.56
       11:30:00 all      8.89      0.00      2.34      1.04      0.00     87.73
       11:40:00 all      8.13      0.00      2.47      1.07      0.00     88.33
       11:50:00 all      8.71      0.00      1.58      1.40      0.00     88.31
       12:00:00 all      8.06      0.00      1.89      1.26      0.00     88.79
       12:10:00 all      9.24      0.00      2.33      0.91      0.00     87.52
       12:20:00 all      8.07      0.00      2.30      1.21      0.00     88.42
       12:30:00 all      7.11      0.00      1.79      0.92      0.00     90.18
       12:40:00 all      6.69      0.00      2.08      0.96      0.00     90.27
       12:50:00 all      8.28      0.00      1.68      0.72      0.00     89.32
       13:00:00 all      7.28      0.00      2.41      1.39      0.00     88.92
       13:10:00 all      8.90      0.00      2.03      0.88      0.00     88.19
       13:20:00 all      9.56      0.00      2.55      2.30      0.00     85.59
       13:30:00 all     14.24      0.00      2.77      4.49      0.00     78.50
       13:40:00 all     16.47      0.00      3.88      5.77      0.00     73.88
       13:50:00 all     22.48      0.00      4.75      7.92      0.00     64.85
       14:00:00 all     24.93      0.00      4.58      9.81      0.00     60.68
       14:10:00 all     29.27      0.00      6.00     12.47      0.00     52.26
       14:20:00 all     31.81      0.00      6.63     14.49      0.00     47.07
       14:30:00 all     36.84      0.00      6.76     16.17      0.00     40.23
       14:40:00 all     42.04      0.00      7.31     17.59      0.00     33.06
       14:50:00 all     39.83      0.00      7.32     17.73      0.00     35.12
       15:00:00 all     37.97      0.00      6.89     16.32      0.00     38.82
       15:10:00 all     33.76      0.00      5.85     14.11      0.00     46.28
       15:20:00 all     30.36      0.00      5.33     12.11      0.00     52.20
       15:30:00 all     26.96      0.00      5.22     10.02      0.00     57.80
       15:40:00 all     21.84      0.00      4.16      8.20      0.00     65.80
       15:50:00 all     17.85      0.00      3.73      6.06      0.00     72.36
       16:00:00 all     13.20      0.00      2.74      4.40      0.00     79.66
       16:10:00 all     11.41      0.00      2.49      2.44      0.00     83.66
       16:20:00 all      7.10      0.00      1.64      0.97      0.00     90.29
       16:30:00 all      8.43      0.00      2.17      0.54      0.00     88.86
       16:40:00 all      8.77      0.00      1.99      1.25      0.00     87.99
       16:50:00 all      8.08      0.00      1.93      1.03      0.00     88.96
       17:00:00 all      8.76      0.00      2.09      0.80      0.00     88.35
       17:10:00 all      8.08      0.00      1.81      0.74      0.00     89.37
       17:20:00 all      7.76      0.00      1.72      1.31      0.00     89.21
       17:30:00 all      9.35      0.00      1.74      0.50      0.00     88.41
       17:40:00 all      8.26      0.00      1.53      0.55      0.00     89.66
       17:50:00 all      7.39      0.00      2.40      1.42      0.00     88.79
       18:00:00 all      7.11      0.00      1.69      1.13      0.00     90.07
       18:10:00 all      8.64      0.00      2.20      0.63      0.00     88.53
       18:20:00 all      7.04      0.00      2.16      0.74      0.00     90.06
       18:30:00 all      9.28      0.00      1.78      1.17      0.00     87.77
       18:40:00 all      8.30      0.00      1.75      0.78      0.00     89.17
       18:50:00 all      7.06      0.00      2.49      1.40      0.00     89.05
       19:00:00 all      8.17      0.00      1.86      1.14      0.00     88.83
       19:10:00 all      9.35      0.00      2.28      0.67      0.00     87.70
       19:20:00 all      7.21      0.00      1.72      0.99      0.00     90.08
       19:30:00 all      7.04      0.00      1.52      0.65      0.00     90.79
       19:40:00 all      8.21      0.00      2.29      1.04      0.00     88.46
       19:50:00 all      7.29      0.00      1.59      1.09      0.00     90.03
       20:00:00 all      6.68      0.00      1.86      0.91      0.00     90.55
       20:10:00 all      7.87      0.00      1.54      1.24      0.00     89.35
       20:20:00 all      6.60      0.00      2.26      1.50      0.00     89.64
       20:30:00 all      7.59      0.00      2.48      0.84      0.00     89.09
       20:40:00 all      9.09      0.00      2.39      1.09      0.00     87.43
       20:50:00 all      7.05      0.00      1.66      1.05      0.00     90.24
       21:00:00 all      9.09      0.00      1.88      0.70      0.00     88.33
       21:10:00 all      7.68      0.00      2.22      1.42      0.00     88.68
       21:20:00 all      9.22      0.00      1.82      0.52      0.00     88.44
       21:30:00 all      7.68      0.00      1.54      0.74      0.00     90.04
       21:40:00 all      8.62      0.00      2.23      0.76      0.00     88.39
       21:50:00 all      9.10      0.00      1.79      0.73      0.00     88.38
       22:00:00 all      9.43      0.00      2.17      0.80      0.00     87.60
       22:10:00 all      8.40      0.00      1.93      0.59      0.00     89.08
       22:20:00 all      7.71      0.00      1.67      0.98      0.00     89.64
       22:30:00 all      8.60      0.00      2.20      1.05      0.00     88.15
       22:40:00 all      8.26      0.00      1.83      0.97      0.00     88.94
       22:50:00 all      7.06      0.00      2.12      0.97      0.00     89.85
       23:00:00 all      7.73      0.00      1.78      0.92      0.00     89.57
       23:10:00 all      7.43      0.00      2.48      0.86      0.00     89.23
       23:20:00 all      7.68      0.00      1.99      0.74      0.00     89.59
       23:30:00 all      7.54      0.00      1.81      1.39      0.00     89.26
       23:40:00 all      7.97      0.00      1.87      1.06      0.00     89.10
       23:50:00 all      8.04      0.00      1.56      0.63      0.00     89.77

       00:00:00    proc/s   cswch/s
       00:00:00      0.30     400.0
       00:10:00      0.30     400.0
       00:20:00      0.30     400.0
       00:30:00      0.30     400.0
       00:40:00      0.30     400.0
       00:50:00      0.30     400.0
       01:00:00      0.30     400.0
       01:10:00      0.30     400.0
       01:20:00      0.30     400.0
       01:30:00      0.30     400.0
       01:40:00      0.30     400.0
       01:50:00      0.30     400.0
       02:00:00      0.30     400.0
       02:10:00      0.30     400.0
       02:20:00      0.30     400.0
       02:30:00      0.30     400.0
       02:40:00      0.30     400.0
       02:50:00      0.30     400.0
       03:00:00      0.30     400.0
       03:10:00      0.30     400.0
       03:20:00      0.30     400.0
       03:30:00      0.30     400.0
       03:40:00      0.30     400.0
       03:50:00      0.30     400.0
       04:00:00      0.30     400.0
       04:10:00      0.30     400.0
       04:20:00      0.30     400.0
       04:30:00      0.30     400.0
       04:40:00      0.30     400.0
       04:50:00      0.30     400.0
       05:00:00      0.30     400.0
       05:10:00      0.30     400.0
       05:20:00      0.30     400.0
       05:30:00      0.30     400.0
       05:40:00      0.30     400.0
       05:50:00      0.30     400.0
       06:00:00      0.30     400.0
       06:10:00      0.30     400.0
       06:20:00      0.30     400.0
       06:30:00      0.30     400.0
       06:40:00      0.30     400.0
       06:50:00      0.30     400.0
       07:00:00      0.30     400.0
       07:10:00      0.30     400.0
       07:20:00      0.30     400.0
       07:30:00      0.30     400.0
       07:40:00      0.30     400.0
       07:50:00      0.30     400.0
       08:00:00      0.30     400.0
       08:10:00      0.30     400.0
       08:20:00      0.30     400.0
       08:30:00      0.30     400.0
       08:40:00      0.30     400.0
       08:50:00      0.30     400.0
       09:00:00      0.30     400.0
       09:10:00      0.30     400.0
       09:20:00      0.30     400.0
       09:30:00      0.30     400.0
       09:40:00      0.30     400.0
       09:50:00      0.30     400.0
       10:00:00      0.30     400.0
       10:10:00      0.30     400.0
       10:20:00      0.30     400.0
       10:30:00      0.30     400.0
       10:40:00      0.30     400.0
       10:50:00      0.30     400.0
       11:00:00      0.30     400.0
       11:10:00      0.30     400.0
       11:20:00      0.30     400.0
       11:30:00      0.30     400.0
       11:40:00      0.30     400.0
       11:50:00      0.30     400.0
       12:00:00      0.30     400.0
       12:10:00      0.30     400.0
       12:20:00      0.30     400.0
       12:30:00      0.30     400.0
       12:40:00      0.30     400.0
       12:50:00      0.30     400.0
       13:00:00      0.30     400.0
       13:10:00      0.30     400.0
       13:20:00      0.32     450.0
       13:30:00      0.37     550.0
       13:40:00      0.41     650.0
       13:50:00      0.46     750.0
       14:00:00      0.50     850.0
       14:10:00      0.54     950.0
       14:20:00      0.59    1050.0
       14:30:00      0.63    1150.0
       14:40:00      0.68    1250.0
       14:50:00      0.68    1250.0
       15:00:00      0.63    1150.0
       15:10:00      0.59    1050.0
       15:20:00      0.54     950.0
       15:30:00      0.50     850.0
       15:40:00      0.46     750.0
       15:50:00      0.41     650.0
       16:00:00      0.37     550.0
       16:10:00      0.32     450.0
       16:20:00      0.30     400.0
       16:30:00      0.30     400.0
       16:40:00      0.30     400.0
       16:50:00      0.30     400.0
       17:00:00      0.30     400.0
       17:10:00      0.30     400.0
       17:20:00      0.30     400.0
       17:30:00      0.30     400.0
       17:40:00      0.30     400.0
       17:50:00      0.30     400.0
       18:00:00      0.30     400.0
       18:10:00      0.30     400.0
       18:20:00      0.30     400.0
       18:30:00      0.30     400.0
       18:40:00      0.30     400.0
       18:50:00      0.30     400.0
       19:00:00      0.30     400.0
       19:10:00      0.30     400.0
       19:20:00      0.30     400.0
       19:30:00      0.30     400.0
       19:40:00      0.30     400.0
       19:50:00      0.30     400.0
       20:00:00      0.30     400.0
       20:10:00      0.30     400.0
       20:20:00      0.30     400.0
       20:30:00      0.30     400.0
       20:40:00      0.30     400.0
       20:50:00      0.30     400.0
       21:00:00      0.30     400.0
       21:10:00      0.30     400.0
       21:20:00      0.30     400.0
       21:30:00      0.30     400.0
       21:40:00      0.30     400.0
       21:50:00      0.30     400.0
       22:00:00      0.30     400.0
       22:10:00      0.30     400.0
       22:20:00      0.30     400.0
       22:30:00      0.30     400.0
       22:40:00      0.30     400.0
       22:50:00      0.30     400.0
       23:00:00      0.30     400.0
       23:10:00      0.30     400.0
       23:20:00      0.30     400.0
       23:30:00      0.30     400.0
       23:40:00      0.30     400.0
       23:50:00      0.30     400.0

       00:00:00   runq-sz  plist-sz   ldavg-1   ldavg-5  ldavg-15   blocked
       00:00:00         0       215      1.18      1.06      0.94         0
       00:10:00         0       215      1.07      0.96      0.86         0
       00:20:00         0       215      1.21      1.09      0.97         0
       00:30:00         0       215      1.12      1.01      0.90         0
       00:40:00         0       215      1.21      1.09      0.97         0
       00:50:00         0       215      0.86      0.77      0.69         0
       01:00:00         0       215      0.81      0.73      0.65         0
       01:10:00         0       215      0.86      0.77      0.69         0
       01:20:00         0       215      1.29      1.16      1.03         0
       01:30:00         0       215      1.06      0.95      0.85         0
       01:40:00         0       215      1.19      1.07      0.95         0
       01:50:00         0       215      0.76      0.68      0.61         0
       02:00:00         0       215      1.13      1.02      0.90         0
       02:10:00         0       215      0.86      0.77      0.69         0
       02:20:00         0       215      1.09      0.98      0.87         0
       02:30:00         0       215      1.08      0.97      0.86         0
       02:40:00         0       215      1.12      1.01      0.90         0
       02:50:00         0       215      1.04      0.94      0.83         0
       03:00:00         0       215      0.93      0.84      0.74         0
       03:10:00         0       215      0.84      0.76      0.67         0
       03:20:00         0       215      0.80      0.72      0.64         0
       03:30:00         0       215      1.25      1.12      1.00         0
       03:40:00         0       215      1.27      1.14      1.02         0
       03:50:00         0       215      1.20      1.08      0.96         0
       04:00:00         0       215      1.17      1.05      0.94         0
       04:10:00         0       215      0.97      0.87      0.78         0
       04:20:00         0       215      0.98      0.88      0.78         0
       04:30:00         0       215      1.18      1.06      0.94         0
       04:40:00         0       215      1.04      0.94      0.83         0
       04:50:00         0       215      1.13      1.02      0.90         0
       05:00:00         0       215      0.91      0.82      0.73         0
       05:10:00         0       215      0.80      0.72      0.64         0
       05:20:00         0       215      1.00      0.90      0.80         0
       05:30:00         0       215      1.04      0.94      0.83         0
       05:40:00         0       215      0.82      0.74      0.66         0
       05:50:00         0       215      0.99      0.89      0.79         0
       06:00:00         0       215      0.96      0.86      0.77         0
       06:10:00         0       215      0.71      0.64      0.57         0
       06:20:00         0       215      1.01      0.91      0.81         0
       06:30:00         0       215      1.08      0.97      0.86         0
       06:40:00         0       215      0.89      0.80      0.71         0
       06:50:00         0       215      0.76      0.68      0.61         0
       07:00:00         0       215      1.25      1.12      1.00         0
       07:10:00         0       215      0.72      0.65      0.58         0
       07:20:00         0       215      0.76      0.68      0.61         0
       07:30:00         0       215      0.71      0.64      0.57         0
       07:40:00         0       215      0.71      0.64      0.57         0
       07:50:00         0       215      1.18      1.06      0.94         0
       08:00:00         0       215      1.16      1.04      0.93         0
       08:10:00         0       215      1.07      0.96      0.86         0
       08:20:00         0       215      1.09      0.98      0.87         0
       08:30:00         0       215      0.82      0.74      0.66         0
       08:40:00         0       215      1.08      0.97      0.86         0
       08:50:00         0       215      1.00      0.90      0.80         0
       09:00:00         0       215      1.04      0.94      0.83         0
       09:10:00         0       215      1.24      1.12      0.99         0
       09:20:00         0       215      0.85      0.77      0.68         0
       09:30:00         0       215      0.97      0.87      0.78         0
       09:40:00         0       215      0.95      0.85      0.76         0
       09:50:00         0       215      1.07      0.96      0.86         0
       10:00:00         0       215      1.29      1.16      1.03         0
       10:10:00         0       215      0.74      0.67      0.59         0
       10:20:00         0       215      1.20      1.08      0.96         0
       10:30:00         0       215      0.92      0.83      0.74         0
       10:40:00         0       215      1.23      1.11      0.98         0
       10:50:00         0       215      1.10      0.99      0.88         0
       11:00:00         0       215      0.77      0.69      0.62         0
       11:10:00         0       215      0.94      0.85      0.75         0
       11:20:00         0       215      1.04      0.94      0.83         0
       11:30:00         0       215      1.01      0.91      0.81         0
       11:40:00         0       215      0.75      0.68      0.60         0
       11:50:00         0       215      1.16      1.04      0.93         0
       12:00:00         0       215      1.12      1.01      0.90         0
       12:10:00         0       215      1.08      0.97      0.86         0
       12:20:00         0       215      0.80      0.72      0.64         0
       12:30:00         0       215      0.81      0.73      0.65         0
       12:40:00         0       215      1.13      1.02      0.90         0
       12:50:00         0       215      0.99      0.89      0.79         0
       13:00:00         0       215      1.27      1.14      1.02         0
       13:10:00         0       215      0.98      0.88      0.78         0
       13:20:00         0       215      1.29      1.16      1.03         0
       13:30:00         0       216      2.03      1.83      1.62         0
       13:40:00         0       217      2.27      2.04      1.82         0
       13:50:00         1       218      3.14      2.83      2.51         0
       14:00:00         1       220      3.44      3.10      2.75         1
       14:10:00         1       221      4.03      3.63      3.22         1
       14:20:00         2       222      4.51      4.06      3.61         1
       14:30:00         2       223      5.07      4.56      4.06         1
       14:40:00         2       224      5.78      5.20      4.62         1
       14:50:00         2       224      5.81      5.23      4.65         1
       15:00:00         2       223      5.34      4.81      4.27         1
       15:10:00         2       222      4.78      4.30      3.82         1
       15:20:00         1       221      4.18      3.76      3.34         1
       15:30:00         1       220      3.35      3.02      2.68         1
       15:40:00         1       218      3.19      2.87      2.55         0
       15:50:00         0       217      2.58      2.32      2.06         0
       16:00:00         0       216      1.64      1.48      1.31         0
       16:10:00         0       215      0.99      0.89      0.79         0
       16:20:00         0       215      0.90      0.81      0.72         0
       16:30:00         0       215      1.11      1.00      0.89         0
       16:40:00         0       215      1.24      1.12      0.99         0
       16:50:00         0       215      1.06      0.95      0.85         0
       17:00:00         0       215      1.12      1.01      0.90         0
       17:10:00         0       215      1.22      1.10      0.98         0
       17:20:00         0       215      1.02      0.92      0.82         0
       17:30:00         0       215      0.91      0.82      0.73         0
       17:40:00         0       215      0.82      0.74      0.66         0
       17:50:00         0       215      1.30      1.17      1.04         0
       18:00:00         0       215      1.22      1.10      0.98         0
       18:10:00         0       215      0.82      0.74      0.66         0
       18:20:00         0       215      0.88      0.79      0.70         0
       18:30:00         0       215      0.73      0.66      0.58         0
       18:40:00         0       215      1.03      0.93      0.82         0
       18:50:00         0       215      0.81      0.73      0.65         0
       19:00:00         0       215      1.01      0.91      0.81         0
       19:10:00         0       215      1.17      1.05      0.94         0
       19:20:00         0       215      1.22      1.10      0.98         0
       19:30:00         0       215      1.24      1.12      0.99         0
       19:40:00         0       215      1.02      0.92      0.82         0
       19:50:00         0       215      1.17      1.05      0.94         0
       20:00:00         0       215      0.79      0.71      0.63         0
       20:10:00         0       215      0.75      0.68      0.60         0
       20:20:00         0       215      1.26      1.13      1.01         0
       20:30:00         0       215      1.12      1.01      0.90         0
       20:40:00         0       215      0.91      0.82      0.73         0
       20:50:00         0       215      1.11      1.00      0.89         0
       21:00:00         0       215      0.86      0.77      0.69         0
       21:10:00         0       215      1.13      1.02      0.90         0
       21:20:00         0       215      0.73      0.66      0.58         0
       21:30:00         0       215      0.78      0.70      0.62         0
       21:40:00         0       215      0.93      0.84      0.74         0
       21:50:00         0       215      1.19      1.07      0.95         0
       22:00:00         0       215      0.84      0.76      0.67         0
       22:10:00         0       215      0.80      0.72      0.64         0
       22:20:00         0       215      1.05      0.95      0.84         0
       22:30:00         0       215      1.00      0.90      0.80         0
       22:40:00         0       215      1.10      0.99      0.88         0
       22:50:00         0       215      1.07      0.96      0.86         0
       23:00:00         0       215      1.00      0.90      0.80         0
       23:10:00         0       215      1.03      0.93      0.82         0
       23:20:00         0       215      0.90      0.81      0.72         0
       23:30:00         0       215      1.07      0.96      0.86         0
       23:40:00         0       215      0.81      0.73      0.65         0
       23:50:00         0       215      0.99      0.89      0.79         0

       00:00:00 kbmemfree   kbavail kbmemused  %memused kbbuffers  kbcached  kbcommit   %commit
       00:00:00    870840   5451400   4388800     54.86    120000   2500000   5500000     60.00
       00:10:00    862560   5437600   4499200     56.24    120000   2500000   5500000     60.00
       00:20:00    880560   5467600   4259200     53.24    120000   2500000   5500000     60.00
       00:30:00    866100   5443500   4452000     55.65    120000   2500000   5500000     60.00
       00:40:00    880320   5467200   4262400     53.28    120000   2500000   5500000     60.00
       00:50:00    870720   5451200   4390400     54.88    120000   2500000   5500000     60.00
       01:00:00    863820   5439700   4482400     56.03    120000   2500000   5500000     60.00
       01:10:00    864420   5440700   4474400     55.93    120000   2500000   5500000     60.00
       01:20:00    860760   5434600   4523200     56.54    120000   2500000   5500000     60.00
       01:30:00    874080   5456800   4345600     54.32    120000   2500000   5500000     60.00
       01:40:00    870420   5450700   4394400     54.93    120000   2500000   5500000     60.00
       01:50:00    859440   5432400   4540800     56.76    120000   2500000   5500000     60.00
       02:00:00    865080   5441800   4465600     55.82    120000   2500000   5500000     60.00
       02:10:00    861540   5435900   4512799     56.41    120000   2500000   5500000     60.00
       02:20:00    873120   5455200   4358400     54.48    120000   2500000   5500000     60.00
       02:30:00    881160   5468600   4251200     53.14    120000   2500000   5500000     60.00
       02:40:00    858000   5430000   4560000     57.00    120000   2500000   5500000     60.00
       02:50:00    865560   5442600   4459200     55.74    120000   2500000   5500000     60.00
       03:00:00    867360   5445600   4435200     55.44    120000   2500000   5500000     60.00
       03:10:00    861900   5436500   4508000     56.35    120000   2500000   5500000     60.00
       03:20:00    859920   5433200   4534400     56.68    120000   2500000   5500000     60.00
       03:30:00    860580   5434300   4525600     56.57    120000   2500000   5500000     60.00
       03:40:00    874380   5457300   4341600     54.27    120000   2500000   5500000     60.00
       03:50:00    875400   5459000   4328000     54.10    120000   2500000   5500000     60.00
       04:00:00    881220   5468700   4250400     53.13    120000   2500000   5500000     60.00
       04:10:00    881400   5469000   4248000     53.10    120000   2500000   5500000     60.00
       04:20:00    859020   5431700   4546400     56.83    120000   2500000   5500000     60.00
       04:30:00    873720   5456200   4350400     54.38    120000   2500000   5500000     60.00
       04:40:00    864660   5441100   4471200     55.89    120000   2500000   5500000     60.00
       04:50:00    870900   5451500   4388000     54.85    120000   2500000   5500000     60.00
       05:00:00    858540   5430900   4552799     56.91    120000   2500000   5500000     60.00
       05:10:00    863580   5439300   4485600     56.07    120000   2500000   5500000     60.00
       05:20:00    878460   5464100   4287200     53.59    120000   2500000   5500000     60.00
       05:30:00    869340   5448900   4408800     55.11    120000   2500000   5500000     60.00
       05:40:00    860400   5434000   4528000     56.60    120000   2500000   5500000     60.00
       05:50:00    881340   5468900   4248800     53.11    120000   2500000   5500000     60.00
       06:00:00    872040   5453400   4372800     54.66    120000   2500000   5500000     60.00
       06:10:00    874380   5457300   4341600     54.27    120000   2500000   5500000     60.00
       06:20:00    874260   5457100   4343199     54.29    120000   2500000   5500000     60.00
       06:30:00    871500   5452500   4380000     54.75    120000   2500000   5500000     60.00
       06:40:00    867300   5445500   4436000     55.45    120000   2500000   5500000     60.00
       06:50:00    858060   5430100   4559200     56.99    120000   2500000   5500000     60.00
       07:00:00    879000   5465000   4280000     53.50    120000   2500000   5500000     60.00
       07:10:00    863820   5439700   4482400     56.03    120000   2500000   5500000     60.00
       07:20:00    878460   5464100   4287200     53.59    120000   2500000   5500000     60.00
       07:30:00    863640   5439400   4484800     56.06    120000   2500000   5500000     60.00
       07:40:00    871080   5451800   4385600     54.82    120000   2500000   5500000     60.00
       07:50:00    861360   5435600   4515200     56.44    120000   2500000   5500000     60.00
       08:00:00    863340   5438900   4488800     56.11    120000   2500000   5500000     60.00
       08:10:00    880320   5467200   4262400     53.28    120000   2500000   5500000     60.00
       08:20:00    873900   5456500   4348000     54.35    120000   2500000   5500000     60.00
       08:30:00    881460   5469100   4247200     53.09    120000   2500000   5500000     60.00
       08:40:00    860280   5433800   4529599     56.62    120000   2500000   5500000     60.00
       08:50:00    863760   5439600   4483200     56.04    120000   2500000   5500000     60.00
       09:00:00    871920   5453200   4374400     54.68    120000   2500000   5500000     60.00
       09:10:00    881640   5469400   4244800     53.06    120000   2500000   5500000     60.00
       09:20:00    859320   5432200   4542400     56.78    120000   2500000   5500000     60.00
       09:30:00    870780   5451300   4389600     54.87    120000   2500000   5500000     60.00
       09:40:00    879000   5465000   4280000     53.50    120000   2500000   5500000     60.00
       09:50:00    859140   5431900   4544800     56.81    120000   2500000   5500000     60.00
       10:00:00    868440   5447400   4420800     55.26    120000   2500000   5500000     60.00
       10:10:00    880560   5467600   4259200     53.24    120000   2500000   5500000     60.00
       10:20:00    866880   5444800   4441600     55.52    120000   2500000   5500000     60.00
       10:30:00    867060   5445100   4439200     55.49    120000   2500000   5500000     60.00
       10:40:00    868860   5448100   4415200     55.19    120000   2500000   5500000     60.00
       10:50:00    870360   5450600   4395200     54.94    120000   2500000   5500000     60.00
       11:00:00    865320   5442200   4462400     55.78    120000   2500000   5500000     60.00
       11:10:00    859440   5432400   4540800     56.76    120000   2500000   5500000     60.00
       11:20:00    873300   5455500   4356000     54.45    120000   2500000   5500000     60.00
       11:30:00    868500   5447500   4420000     55.25    120000   2500000   5500000     60.00
       11:40:00    866400   5444000   4448000     55.60    120000   2500000   5500000     60.00
       11:50:00    866760   5444600   4443200     55.54    120000   2500000   5500000     60.00
       12:00:00    873900   5456500   4348000     54.35    120000   2500000   5500000     60.00
       12:10:00    865980   5443300   4453600     55.67    120000   2500000   5500000     60.00
       12:20:00    871860   5453100   4375199     54.69    120000   2500000   5500000     60.00
       12:30:00    858720   5431200   4550400     56.88    120000   2500000   5500000     60.00
       12:40:00    860160   5433600   4531200     56.64    120000   2500000   5500000     60.00
       12:50:00    875280   5458800   4329600     54.12    120000   2500000   5500000     60.00
       13:00:00    873780   5456300   4349600     54.37    120000   2500000   5500000     60.00
       13:10:00    869640   5449400   4404800     55.06    120000   2500000   5500000     60.00
       13:20:00    862440   5437400   4500800     56.26    120000   2458333   5500000     60.28
       13:30:00    854160   5423600   4611200     57.64    120000   2375000   5500000     60.83
       13:40:00    854640   5424400   4604800     57.56    120000   2291666   5500000     61.39
       13:50:00    844800   5408000   4736000     59.20    120000   2208333   5500000     61.94
       14:00:00    829680   5382800   4937600     61.72    120000   2125000   5500000     62.50
       14:10:00    811320   5352200   5182400     64.78    120000   2041666   5500000     63.06
       14:20:00    812040   5353400   5172800     64.66    120000   1958333   5500000     63.61
       14:30:00    802200   5337000   5303999     66.30    120000   1875000   5500000     64.17
       14:40:00    794760   5324600   5403200     67.54    120000   1791666   5500000     64.72
       14:50:00    794040   5323400   5412800     67.66    120000   1791666   5500000     64.72
       15:00:00    799020   5331700   5346400     66.83    120000   1875000   5500000     64.17
       15:10:00    809040   5348400   5212800     65.16    120000   1958333   5500000     63.61
       15:20:00    808620   5347700   5218400     65.23    120000   2041666   5500000     63.06
       15:30:00    816960   5361600   5107200     63.84    120000   2125000   5500000     62.50
       15:40:00    824700   5374500   5004000     62.55    120000   2208333   5500000     61.94
       15:50:00    850680   5417800   4657599     58.22    120000   2291666   5500000     61.39
       16:00:00    853260   5422100   4623200     57.79    120000   2375000   5500000     60.83
       16:10:00    869640   5449400   4404800     55.06    120000   2458333   5500000     60.28
       16:20:00    872700   5454500   4364000     54.55    120000   2500000   5500000     60.00
       16:30:00    878520   5464200   4286400     53.58    120000   2500000   5500000     60.00
       16:40:00    858120   5430200   4558400     56.98    120000   2500000   5500000     60.00
       16:50:00    860280   5433800   4529599     56.62    120000   2500000   5500000     60.00
       17:00:00    880320   5467200   4262400     53.28    120000   2500000   5500000     60.00
       17:10:00    872520   5454200   4366400     54.58    120000   2500000   5500000     60.00
       17:20:00    864060   5440100   4479200     55.99    120000   2500000   5500000     60.00
       17:30:00    874800   5458000   4336000     54.20    120000   2500000   5500000     60.00
       17:40:00    860460   5434100   4527200     56.59    120000   2500000   5500000     60.00
       17:50:00    877320   5462200   4302400     53.78    120000   2500000   5500000     60.00
       18:00:00    860880   5434800   4521600     56.52    120000   2500000   5500000     60.00
       18:10:00    859500   5432500   4540000     56.75    120000   2500000   5500000     60.00
       18:20:00    863040   5438400   4492800     56.16    120000   2500000   5500000     60.00
       18:30:00    866640   5444400   4444800     55.56    120000   2500000   5500000     60.00
       18:40:00    862740   5437900   4496800     56.21    120000   2500000   5500000     60.00
       18:50:00    881220   5468700   4250400     53.13    120000   2500000   5500000     60.00
       19:00:00    866220   5443700   4450400     55.63    120000   2500000   5500000     60.00
       19:10:00    878040   5463400   4292800     53.66    120000   2500000   5500000     60.00
       19:20:00    868080   5446800   4425600     55.32    120000   2500000   5500000     60.00
       19:30:00    870120   5450200   4398400     54.98    120000   2500000   5500000     60.00
       19:40:00    876300   5460500   4316000     53.95    120000   2500000   5500000     60.00
       19:50:00    862320   5437200   4502400     56.28    120000   2500000   5500000     60.00
       20:00:00    876780   5461300   4309600     53.87    120000   2500000   5500000     60.00
       20:10:00    876240   5460400   4316800     53.96    120000   2500000   5500000     60.00
       20:20:00    864360   5440600   4475200     55.94    120000   2500000   5500000     60.00
       20:30:00    867360   5445600   4435200     55.44    120000   2500000   5500000     60.00
       20:40:00    870900   5451500   4388000     54.85    120000   2500000   5500000     60.00
       20:50:00    877140   5461900   4304800     53.81    120000   2500000   5500000     60.00
       21:00:00    880260   5467100   4263200     53.29    120000   2500000   5500000     60.00
       21:10:00    875580   5459300   4325600     54.07    120000   2500000   5500000     60.00
       21:20:00    872760   5454600   4363200     54.54    120000   2500000   5500000     60.00
       21:30:00    878400   5464000   4288000     53.60    120000   2500000   5500000     60.00
       21:40:00    866040   5443400   4452800     55.66    120000   2500000   5500000     60.00
       21:50:00    873720   5456200   4350400     54.38    120000   2500000   5500000     60.00
       22:00:00    859920   5433200   4534400     56.68    120000   2500000   5500000     60.00
       22:10:00    872580   5454300   4365600     54.57    120000   2500000   5500000     60.00
       22:20:00    866040   5443400   4452800     55.66    120000   2500000   5500000     60.00
       22:30:00    881460   5469100   4247200     53.09    120000   2500000   5500000     60.00
       22:40:00    875940   5459900   4320800     54.01    120000   2500000   5500000     60.00
       22:50:00    859080   5431800   4545600     56.82    120000   2500000   5500000     60.00
       23:00:00    862080   5436800   4505600     56.32    120000   2500000   5500000     60.00
       23:10:00    878400   5464000   4288000     53.60    120000   2500000   5500000     60.00
       23:20:00    866400   5444000   4448000     55.60    120000   2500000   5500000     60.00
       23:30:00    864840   5441400   4468800     55.86    120000   2500000   5500000     60.00
       23:40:00    875160   5458600   4331200     54.14    120000   2500000   5500000     60.00
       23:50:00    880380   5467300   4261600     53.27    120000   2500000   5500000     60.00

       00:00:00 kbswpfree kbswpused  %swpused  kbswpcad   %swpcad
       00:00:00         0         0      0.00         0      0.00
       00:10:00         0         0      0.00         0      0.00
       00:20:00         0         0      0.00         0      0.00
       00:30:00         0         0      0.00         0      0.00
       00:40:00         0         0      0.00         0      0.00
       00:50:00         0         0      0.00         0      0.00
       01:00:00         0         0      0.00         0      0.00
       01:10:00         0         0      0.00         0      0.00
       01:20:00         0         0      0.00         0      0.00
       01:30:00         0         0      0.00         0      0.00
       01:40:00         0         0      0.00         0      0.00
       01:50:00         0         0      0.00         0      0.00
       02:00:00         0         0      0.00         0      0.00
       02:10:00         0         0      0.00         0      0.00
       02:20:00         0         0      0.00         0      0.00
       02:30:00         0         0      0.00         0      0.00
       02:40:00         0         0      0.00         0      0.00
       02:50:00         0         0      0.00         0      0.00
       03:00:00         0         0      0.00         0      0.00
       03:10:00         0         0      0.00         0      0.00
       03:20:00         0         0      0.00         0      0.00
       03:30:00         0         0      0.00         0      0.00
       03:40:00         0         0      0.00         0      0.00
       03:50:00         0         0      0.00         0      0.00
       04:00:00         0         0      0.00         0      0.00
       04:10:00         0         0      0.00         0      0.00
       04:20:00         0         0      0.00         0      0.00
       04:30:00         0         0      0.00         0      0.00
       04:40:00         0         0      0.00         0      0.00
       04:50:00         0         0      0.00         0      0.00
       05:00:00         0         0      0.00         0      0.00
       05:10:00         0         0      0.00         0      0.00
       05:20:00         0         0      0.00         0      0.00
       05:30:00         0         0      0.00         0      0.00
       05:40:00         0         0      0.00         0      0.00
       05:50:00         0         0      0.00         0      0.00
       06:00:00         0         0      0.00         0      0.00
       06:10:00         0         0      0.00         0      0.00
       06:20:00         0         0      0.00         0      0.00
       06:30:00         0         0      0.00         0      0.00
       06:40:00         0         0      0.00         0      0.00
       06:50:00         0         0      0.00         0      0.00
       07:00:00         0         0      0.00         0      0.00
       07:10:00         0         0      0.00         0      0.00
       07:20:00         0         0      0.00         0      0.00
       07:30:00         0         0      0.00         0      0.00
       07:40:00         0         0      0.00         0      0.00
       07:50:00         0         0      0.00         0      0.00
       08:00:00         0         0      0.00         0      0.00
       08:10:00         0         0      0.00         0      0.00
       08:20:00         0         0      0.00         0      0.00
       08:30:00         0         0      0.00         0      0.00
       08:40:00         0         0      0.00         0      0.00
       08:50:00         0         0      0.00         0      0.00
       09:00:00         0         0      0.00         0      0.00
       09:10:00         0         0      0.00         0      0.00
       09:20:00         0         0      0.00         0      0.00
       09:30:00         0         0      0.00         0      0.00
       09:40:00         0         0      0.00         0      0.00
       09:50:00         0         0      0.00         0      0.00
       10:00:00         0         0      0.00         0      0.00
       10:10:00         0         0      0.00         0      0.00
       10:20:00         0         0      0.00         0      0.00
       10:30:00         0         0      0.00         0      0.00
       10:40:00         0         0      0.00         0      0.00
       10:50:00         0         0      0.00         0      0.00
       11:00:00         0         0      0.00         0      0.00
       11:10:00         0         0      0.00         0      0.00
       11:20:00         0         0      0.00         0      0.00
       11:30:00         0         0      0.00         0      0.00
       11:40:00         0         0      0.00         0      0.00
       11:50:00         0         0      0.00         0      0.00
       12:00:00         0         0      0.00         0      0.00
       12:10:00         0         0      0.00         0      0.00
       12:20:00         0         0      0.00         0      0.00
       12:30:00         0         0      0.00         0      0.00
       12:40:00         0         0      0.00         0      0.00
       12:50:00         0         0      0.00         0      0.00
       13:00:00         0         0      0.00         0      0.00
       13:10:00         0         0      0.00         0      0.00
       13:20:00         0         0      0.00         0      0.00
       13:30:00         0         0      0.00         0      0.00
       13:40:00         0         0      0.00         0      0.00
       13:50:00         0         0      0.00         0      0.00
       14:00:00         0         0      0.00         0      0.00
       14:10:00         0         0      0.00         0      0.00
       14:20:00         0       640      0.04         0      0.00
       14:30:00         0      4320      0.27         0      0.00
       14:40:00         0      7840      0.49         0      0.00
       14:50:00         0      7840      0.49         0      0.00
       15:00:00         0      4320      0.27         0      0.00
       15:10:00         0       640      0.04         0      0.00
       15:20:00         0         0      0.00         0      0.00
       15:30:00         0         0      0.00         0      0.00
       15:40:00         0         0      0.00         0      0.00
       15:50:00         0         0      0.00         0      0.00
       16:00:00         0         0      0.00         0      0.00
       16:10:00         0         0      0.00         0      0.00
       16:20:00         0         0      0.00         0      0.00
       16:30:00         0         0      0.00         0      0.00
       16:40:00         0         0      0.00         0      0.00
       16:50:00         0         0      0.00         0      0.00
       17:00:00         0         0      0.00         0      0.00
       17:10:00         0         0      0.00         0      0.00
       17:20:00         0         0      0.00         0      0.00
       17:30:00         0         0      0.00         0      0.00
       17:40:00         0         0      0.00         0      0.00
       17:50:00         0         0      0.00         0      0.00
       18:00:00         0         0      0.00         0      0.00
       18:10:00         0         0      0.00         0      0.00
       18:20:00         0         0      0.00         0      0.00
       18:30:00         0         0      0.00         0      0.00
       18:40:00         0         0      0.00         0      0.00
       18:50:00         0         0      0.00         0      0.00
       19:00:00         0         0      0.00         0      0.00
       19:10:00         0         0      0.00         0      0.00
       19:20:00         0         0      0.00         0      0.00
       19:30:00         0         0      0.00         0      0.00
       19:40:00         0         0      0.00         0      0.00
       19:50:00         0         0      0.00         0      0.00
       20:00:00         0         0      0.00         0      0.00
       20:10:00         0         0      0.00         0      0.00
       20:20:00         0         0      0.00         0      0.00
       20:30:00         0         0      0.00         0      0.00
       20:40:00         0         0      0.00         0      0.00
       20:50:00         0         0      0.00         0      0.00
       21:00:00         0         0      0.00         0      0.00
       21:10:00         0         0      0.00         0      0.00
       21:20:00         0         0      0.00         0      0.00
       21:30:00         0         0      0.00         0      0.00
       21:40:00         0         0      0.00         0      0.00
       21:50:00         0         0      0.00         0      0.00
       22:00:00         0         0      0.00         0      0.00
       22:10:00         0         0      0.00         0      0.00
       22:20:00         0         0      0.00         0      0.00
       22:30:00         0         0      0.00         0      0.00
       22:40:00         0         0      0.00         0      0.00
       22:50:00         0         0      0.00         0      0.00
       23:00:00         0         0      0.00         0      0.00
       23:10:00         0         0      0.00         0      0.00
       23:20:00         0         0      0.00         0      0.00
       23:30:00         0         0      0.00         0      0.00
       23:40:00         0         0      0.00         0      0.00
       23:50:00         0         0      0.00         0      0.00

       00:00:00       DEV       tps     rkB/s     wkB/s     await     %util
       00:00:00       sda     40.00    800.00   2000.00      2.17     10.05
       00:00:00       sdb     16.00    320.00    800.00      2.17      4.02
       00:10:00       sda     40.00    800.00   2000.00      1.08     11.16
       00:10:00       sdb     16.00    320.00    800.00      1.08      4.46
       00:20:00       sda     40.00    800.00   2000.00      1.48      8.14
       00:20:00       sdb     16.00    320.00    800.00      1.48      3.26
       00:30:00       sda     40.00    800.00   2000.00      1.56      9.74
       00:30:00       sdb     16.00    320.00    800.00      1.56      3.90
       00:40:00       sda     40.00    800.00   2000.00      1.80     11.60
       00:40:00       sdb     16.00    320.00    800.00      1.80      4.64
       00:50:00       sda     40.00    800.00   2000.00      1.79     12.88
       00:50:00       sdb     16.00    320.00    800.00      1.79      5.15
       01:00:00       sda     40.00    800.00   2000.00      1.49      7.71
       01:00:00       sdb     16.00    320.00    800.00      1.49      3.08
       01:10:00       sda     40.00    800.00   2000.00      2.29      7.79
       01:10:00       sdb     16.00    320.00    800.00      2.29      3.12
       01:20:00       sda     40.00    800.00   2000.00      1.79      8.26
       01:20:00       sdb     16.00    320.00    800.00      1.79      3.30
       01:30:00       sda     40.00    800.00   2000.00      1.15      8.78
       01:30:00       sdb     16.00    320.00    800.00      1.15      3.51
       01:40:00       sda     40.00    800.00   2000.00      2.73     10.45
       01:40:00       sdb     16.00    320.00    800.00      2.73      4.18
       01:50:00       sda     40.00    800.00   2000.00      2.90      8.18
       01:50:00       sdb     16.00    320.00    800.00      2.90      3.27
       02:00:00       sda     40.00    800.00   2000.00      2.65      8.54
       02:00:00       sdb     16.00    320.00    800.00      2.65      3.42
       02:10:00       sda     40.00    800.00   2000.00      1.56     10.69
       02:10:00       sdb     16.00    320.00    800.00      1.56      4.28
       02:20:00       sda     40.00    800.00   2000.00      1.26     10.43
       02:20:00       sdb     16.00    320.00    800.00      1.26      4.17
       02:30:00       sda     40.00    800.00   2000.00      2.82      7.11
       02:30:00       sdb     16.00    320.00    800.00      2.82      2.84
       02:40:00       sda     40.00    800.00   2000.00      2.09      7.45
       02:40:00       sdb     16.00    320.00    800.00      2.09      2.98
       02:50:00       sda     40.00    800.00   2000.00      2.74     12.41
       02:50:00       sdb     16.00    320.00    800.00      2.74      4.96
       03:00:00       sda     40.00    800.00   2000.00      2.28      7.48
       03:00:00       sdb     16.00    320.00    800.00      2.28      2.99
       03:10:00       sda     40.00    800.00   2000.00      2.50      7.50
       03:10:00       sdb     16.00    320.00    800.00      2.50      3.00
       03:20:00       sda     40.00    800.00   2000.00      1.02      8.53
       03:20:00       sdb     16.00    320.00    800.00      1.02      3.41
       03:30:00       sda     40.00    800.00   2000.00      2.33      8.96
       03:30:00       sdb     16.00    320.00    800.00      2.33      3.58
       03:40:00       sda     40.00    800.00   2000.00      1.99      7.82
       03:40:00       sdb     16.00    320.00    800.00      1.99      3.13
       03:50:00       sda     40.00    800.00   2000.00      1.83      8.28
       03:50:00       sdb     16.00    320.00    800.00      1.83      3.31
       04:00:00       sda     40.00    800.00   2000.00      1.08     12.24
       04:00:00       sdb     16.00    320.00    800.00      1.08      4.90
       04:10:00       sda     40.00    800.00   2000.00      1.47     11.98
       04:10:00       sdb     16.00    320.00    800.00      1.47      4.79
       04:20:00       sda     40.00    800.00   2000.00      1.40     11.11
       04:20:00       sdb     16.00    320.00    800.00      1.40      4.44
       04:30:00       sda     40.00    800.00   2000.00      2.04     11.18
       04:30:00       sdb     16.00    320.00    800.00      2.04      4.47
       04:40:00       sda     40.00    800.00   2000.00      1.91      7.78
       04:40:00       sdb     16.00    320.00    800.00      1.91      3.11
       04:50:00       sda     40.00    800.00   2000.00      1.41     10.91
       04:50:00       sdb     16.00    320.00    800.00      1.41      4.36
       05:00:00       sda     40.00    800.00   2000.00      2.58     10.22
       05:00:00       sdb     16.00    320.00    800.00      2.58      4.09
       05:10:00       sda     40.00    800.00   2000.00      1.06      9.92
       05:10:00       sdb     16.00    320.00    800.00      1.06      3.97
       05:20:00       sda     40.00    800.00   2000.00      2.45     10.10
       05:20:00       sdb     16.00    320.00    800.00      2.45      4.04
       05:30:00       sda     40.00    800.00   2000.00      2.46      8.74
       05:30:00       sdb     16.00    320.00    800.00      2.46      3.50
       05:40:00       sda     40.00    800.00   2000.00      2.70      8.25
       05:40:00       sdb     16.00    320.00    800.00      2.70      3.30
       05:50:00       sda     40.00    800.00   2000.00      2.03     12.82
       05:50:00       sdb     16.00    320.00    800.00      2.03      5.13
       06:00:00       sda     40.00    800.00   2000.00      2.85     12.74
       06:00:00       sdb     16.00    320.00    800.00      2.85      5.10
       06:10:00       sda     40.00    800.00   2000.00      2.24      8.15
       06:10:00       sdb     16.00    320.00    800.00      2.24      3.26
       06:20:00       sda     40.00    800.00   2000.00      2.24      9.13
       06:20:00       sdb     16.00    320.00    800.00      2.24      3.65
       06:30:00       sda     40.00    800.00   2000.00      1.83      9.25
       06:30:00       sdb     16.00    320.00    800.00      1.83      3.70
       06:40:00       sda     40.00    800.00   2000.00      1.47     12.14
       06:40:00       sdb     16.00    320.00    800.00      1.47      4.86
       06:50:00       sda     40.00    800.00   2000.00      1.27     12.33
       06:50:00       sdb     16.00    320.00    800.00      1.27      4.93
       07:00:00       sda     40.00    800.00   2000.00      2.37      9.42
       07:00:00       sdb     16.00    320.00    800.00      2.37      3.77
       07:10:00       sda     40.00    800.00   2000.00      2.37     10.02
       07:10:00       sdb     16.00    320.00    800.00      2.37      4.01
       07:20:00       sda     40.00    800.00   2000.00      1.41      8.11
       07:20:00       sdb     16.00    320.00    800.00      1.41      3.24
       07:30:00       sda     40.00    800.00   2000.00      1.93      8.96
       07:30:00       sdb     16.00    320.00    800.00      1.93      3.58
       07:40:00       sda     40.00    800.00   2000.00      1.81     11.44
       07:40:00       sdb     16.00    320.00    800.00      1.81      4.58
       07:50:00       sda     40.00    800.00   2000.00      1.81     10.78
       07:50:00       sdb     16.00    320.00    800.00      1.81      4.31
       08:00:00       sda     40.00    800.00   2000.00      1.81     11.89
       08:00:00       sdb     16.00    320.00    800.00      1.81      4.76
       08:10:00       sda     40.00    800.00   2000.00      1.94      9.05
       08:10:00       sdb     16.00    320.00    800.00      1.94      3.62
       08:20:00       sda     40.00    800.00   2000.00      2.14     10.96
       08:20:00       sdb     16.00    320.00    800.00      2.14      4.38
       08:30:00       sda     40.00    800.00   2000.00      2.48     10.69
       08:30:00       sdb     16.00    320.00    800.00      2.48      4.28
       08:40:00       sda     40.00    800.00   2000.00      2.02     10.30
       08:40:00       sdb     16.00    320.00    800.00      2.02      4.12
       08:50:00       sda     40.00    800.00   2000.00      2.86      7.27
       08:50:00       sdb     16.00    320.00    800.00      2.86      2.91
       09:00:00       sda     40.00    800.00   2000.00      2.20     10.16
       09:00:00       sdb     16.00    320.00    800.00      2.20      4.06
       09:10:00       sda     40.00    800.00   2000.00      1.09      8.47
       09:10:00       sdb     16.00    320.00    800.00      1.09      3.39
       09:20:00       sda     40.00    800.00   2000.00      2.81      7.44
       09:20:00       sdb     16.00    320.00    800.00      2.81      2.98
       09:30:00       sda     40.00    800.00   2000.00      2.63     12.87
       09:30:00       sdb     16.00    320.00    800.00      2.63      5.15
       09:40:00       sda     40.00    800.00   2000.00      2.34      9.66
       09:40:00       sdb     16.00    320.00    800.00      2.34      3.86
       09:50:00       sda     40.00    800.00   2000.00      1.48     11.41
       09:50:00       sdb     16.00    320.00    800.00      1.48      4.56
       10:00:00       sda     40.00    800.00   2000.00      2.27     10.55
       10:00:00       sdb     16.00    320.00    800.00      2.27      4.22
       10:10:00       sda     40.00    800.00   2000.00      1.85      8.63
       10:10:00       sdb     16.00    320.00    800.00      1.85      3.45
       10:20:00       sda     40.00    800.00   2000.00      1.96      9.24
       10:20:00       sdb     16.00    320.00    800.00      1.96      3.70
       10:30:00       sda     40.00    800.00   2000.00      1.43     11.61
       10:30:00       sdb     16.00    320.00    800.00      1.43      4.64
       10:40:00       sda     40.00    800.00   2000.00      2.84     11.48
       10:40:00       sdb     16.00    320.00    800.00      2.84      4.59
       10:50:00       sda     40.00    800.00   2000.00      1.60     11.11
       10:50:00       sdb     16.00    320.00    800.00      1.60      4.44
       11:00:00       sda     40.00    800.00   2000.00      1.29      8.70
       11:00:00       sdb     16.00    320.00    800.00      1.29      3.48
       11:10:00       sda     40.00    800.00   2000.00      1.88     12.48
       11:10:00       sdb     16.00    320.00    800.00      1.88      4.99
       11:20:00       sda     40.00    800.00   2000.00      1.73      9.19
       11:20:00       sdb     16.00    320.00    800.00      1.73      3.68
       11:30:00       sda     40.00    800.00   2000.00      2.52      8.06
       11:30:00       sdb     16.00    320.00    800.00      2.52      3.22
       11:40:00       sda     40.00    800.00   2000.00      1.13     11.83
       11:40:00       sdb     16.00    320.00    800.00      1.13      4.73
       11:50:00       sda     40.00    800.00   2000.00      2.49      7.86
       11:50:00       sdb     16.00    320.00    800.00      2.49      3.14
       12:00:00       sda     40.00    800.00   2000.00      2.34     12.81
       12:00:00       sdb     16.00    320.00    800.00      2.34      5.12
       12:10:00       sda     40.00    800.00   2000.00      2.61     12.12
       12:10:00       sdb     16.00    320.00    800.00      2.61      4.85
       12:20:00       sda     40.00    800.00   2000.00      1.29      9.52
       12:20:00       sdb     16.00    320.00    800.00      1.29      3.81
       12:30:00       sda     40.00    800.00   2000.00      1.62      7.36
       12:30:00       sdb     16.00    320.00    800.00      1.62      2.94
       12:40:00       sda     40.00    800.00   2000.00      1.22      7.22
       12:40:00       sdb     16.00    320.00    800.00      1.22      2.89
       12:50:00       sda     40.00    800.00   2000.00      2.52      8.04
       12:50:00       sdb     16.00    320.00    800.00      2.52      3.22
       13:00:00       sda     40.00    800.00   2000.00      2.91     10.28
       13:00:00       sdb     16.00    320.00    800.00      2.91      4.11
       13:10:00       sda     40.00    800.00   2000.00      2.98      8.65
       13:10:00       sdb     16.00    320.00    800.00      2.98      3.46
       13:20:00       sda     53.89   1022.22   2500.00      3.26     11.83
       13:20:00       sdb     21.56    408.89   1000.00      3.26      4.73
       13:30:00       sda     81.67   1466.67   3500.00      8.37     19.57
       13:30:00       sdb     32.67    586.67   1400.00      8.37      7.83
       13:40:00       sda    109.44   1911.11   4500.00     11.66     29.33
       13:40:00       sdb     43.78    764.44   1800.00     11.66     11.73
       13:50:00       sda    137.22   2355.56   5500.00     15.03     39.18
       13:50:00       sdb     54.89    942.22   2200.00     15.03     15.67
       14:00:00       sda    165.00   2800.00   6500.00     19.93     44.80
       14:00:00       sdb     66.00   1120.00   2600.00     19.93     17.92
       14:10:00       sda    192.78   3244.44   7500.00     23.14     49.85
       14:10:00       sdb     77.11   1297.78   3000.00     23.14     19.94
       14:20:00       sda    220.56   3688.89   8500.00     26.86     61.25
       14:20:00       sdb     88.22   1475.56   3400.00     26.86     24.50
       14:30:00       sda    248.33   4133.33   9500.00     30.83     69.72
       14:30:00       sdb     99.33   1653.33   3800.00     30.83     27.89
       14:40:00       sda    276.11   4577.78  10500.00     35.47     77.18
       14:40:00       sdb    110.44   1831.11   4200.00     35.47     30.87
       14:50:00       sda    276.11   4577.78  10500.00     34.20     75.55
       14:50:00       sdb    110.44   1831.11   4200.00     34.20     30.22
       15:00:00       sda    248.33   4133.33   9500.00     30.20     67.81
       15:00:00       sdb     99.33   1653.33   3800.00     30.20     27.12
       15:10:00       sda    220.56   3688.89   8500.00     27.58     59.61
       15:10:00       sdb     88.22   1475.56   3400.00     27.58     23.84
       15:20:00       sda    192.78   3244.44   7500.00     23.49     55.20
       15:20:00       sdb     77.11   1297.78   3000.00     23.49     22.08
       15:30:00       sda    165.00   2800.00   6500.00     20.39     43.18
       15:30:00       sdb     66.00   1120.00   2600.00     20.39     17.27
       15:40:00       sda    137.22   2355.56   5500.00     15.54     36.39
       15:40:00       sdb     54.89    942.22   2200.00     15.54     14.56
       15:50:00       sda    109.44   1911.11   4500.00     12.71     31.90
       15:50:00       sdb     43.78    764.44   1800.00     12.71     12.76
       16:00:00       sda     81.67   1466.67   3500.00      7.20     23.65
       16:00:00       sdb     32.67    586.67   1400.00      7.20      9.46
       16:10:00       sda     53.89   1022.22   2500.00      4.42     14.92
       16:10:00       sdb     21.56    408.89   1000.00      4.42      5.97
       16:20:00       sda     40.00    800.00   2000.00      1.35     10.42
       16:20:00       sdb     16.00    320.00    800.00      1.35      4.17
       16:30:00       sda     40.00    800.00   2000.00      2.20     12.76
       16:30:00       sdb     16.00    320.00    800.00      2.20      5.10
       16:40:00       sda     40.00    800.00   2000.00      2.71     12.03
       16:40:00       sdb     16.00    320.00    800.00      2.71      4.81
       16:50:00       sda     40.00    800.00   2000.00      1.11      8.92
       16:50:00       sdb     16.00    320.00    800.00      1.11      3.57
       17:00:00       sda     40.00    800.00   2000.00      1.89      7.75
       17:00:00       sdb     16.00    320.00    800.00      1.89      3.10
       17:10:00       sda     40.00    800.00   2000.00      1.14      8.42
       17:10:00       sdb     16.00    320.00    800.00      1.14      3.37
       17:20:00       sda     40.00    800.00   2000.00      2.81     10.40
       17:20:00       sdb     16.00    320.00    800.00      2.81      4.16
       17:30:00       sda     40.00    800.00   2000.00      1.13      8.95
       17:30:00       sdb     16.00    320.00    800.00      1.13      3.58
       17:40:00       sda     40.00    800.00   2000.00      2.00      8.85
       17:40:00       sdb     16.00    320.00    800.00      2.00      3.54
       17:50:00       sda     40.00    800.00   2000.00      1.71     12.03
       17:50:00       sdb     16.00    320.00    800.00      1.71      4.81
       18:00:00       sda     40.00    800.00   2000.00      1.21      7.30
       18:00:00       sdb     16.00    320.00    800.00      1.21      2.92
       18:10:00       sda     40.00    800.00   2000.00      1.16      9.67
       18:10:00       sdb     16.00    320.00    800.00      1.16      3.87
       18:20:00       sda     40.00    800.00   2000.00      2.32      9.24
       18:20:00       sdb     16.00    320.00    800.00      2.32      3.70
       18:30:00       sda     40.00    800.00   2000.00      2.97      7.54
       18:30:00       sdb     16.00    320.00    800.00      2.97      3.02
       18:40:00       sda     40.00    800.00   2000.00      1.57      7.52
       18:40:00       sdb     16.00    320.00    800.00      1.57      3.01
       18:50:00       sda     40.00    800.00   2000.00      2.50      9.77
       18:50:00       sdb     16.00    320.00    800.00      2.50      3.91
       19:00:00       sda     40.00    800.00   2000.00      2.03     11.70
       19:00:00       sdb     16.00    320.00    800.00      2.03      4.68
       19:10:00       sda     40.00    800.00   2000.00      1.47     10.65
       19:10:00       sdb     16.00    320.00    800.00      1.47      4.26
       19:20:00       sda     40.00    800.00   2000.00      1.07      9.99
       19:20:00       sdb     16.00    320.00    800.00      1.07      4.00
       19:30:00       sda     40.00    800.00   2000.00      1.88      9.61
       19:30:00       sdb     16.00    320.00    800.00      1.88      3.84
       19:40:00       sda     40.00    800.00   2000.00      1.62      7.88
       19:40:00       sdb     16.00    320.00    800.00      1.62      3.15
       19:50:00       sda     40.00    800.00   2000.00      1.51      8.03
       19:50:00       sdb     16.00    320.00    800.00      1.51      3.21
       20:00:00       sda     40.00    800.00   2000.00      1.08     12.82
       20:00:00       sdb     16.00    320.00    800.00      1.08      5.13
       20:10:00       sda     40.00    800.00   2000.00      1.28     12.34
       20:10:00       sdb     16.00    320.00    800.00      1.28      4.94
       20:20:00       sda     40.00    800.00   2000.00      1.51      8.38
       20:20:00       sdb     16.00    320.00    800.00      1.51      3.35
       20:30:00       sda     40.00    800.00   2000.00      1.81      7.24
       20:30:00       sdb     16.00    320.00    800.00      1.81      2.90
       20:40:00       sda     40.00    800.00   2000.00      2.69      9.36
       20:40:00       sdb     16.00    320.00    800.00      2.69      3.74
       20:50:00       sda     40.00    800.00   2000.00      1.94      8.29
       20:50:00       sdb     16.00    320.00    800.00      1.94      3.32
       21:00:00       sda     40.00    800.00   2000.00      1.73     11.15
       21:00:00       sdb     16.00    320.00    800.00      1.73      4.46
       21:10:00       sda     40.00    800.00   2000.00      1.31      9.17
       21:10:00       sdb     16.00    320.00    800.00      1.31      3.67
       21:20:00       sda     40.00    800.00   2000.00      2.76      7.50
       21:20:00       sdb     16.00    320.00    800.00      2.76      3.00
       21:30:00       sda     40.00    800.00   2000.00      1.06     10.57
       21:30:00       sdb     16.00    320.00    800.00      1.06      4.23
       21:40:00       sda     40.00    800.00   2000.00      1.41      7.88
       21:40:00       sdb     16.00    320.00    800.00      1.41      3.15
       21:50:00       sda     40.00    800.00   2000.00      1.08      8.29
       21:50:00       sdb     16.00    320.00    800.00      1.08      3.32
       22:00:00       sda     40.00    800.00   2000.00      2.38      8.30
       22:00:00       sdb     16.00    320.00    800.00      2.38      3.32
       22:10:00       sda     40.00    800.00   2000.00      1.77      7.36
       22:10:00       sdb     16.00    320.00    800.00      1.77      2.94
       22:20:00       sda     40.00    800.00   2000.00      1.19      8.44
       22:20:00       sdb     16.00    320.00    800.00      1.19      3.38
       22:30:00       sda     40.00    800.00   2000.00      1.73      9.35
       22:30:00       sdb     16.00    320.00    800.00      1.73      3.74
       22:40:00       sda     40.00    800.00   2000.00      1.69      7.14
       22:40:00       sdb     16.00    320.00    800.00      1.69      2.86
       22:50:00       sda     40.00    800.00   2000.00      2.15      9.18
       22:50:00       sdb     16.00    320.00    800.00      2.15      3.67
       23:00:00       sda     40.00    800.00   2000.00      1.76     12.28
       23:00:00       sdb     16.00    320.00    800.00      1.76      4.91
       23:10:00       sda     40.00    800.00   2000.00      1.46      8.15
       23:10:00       sdb     16.00    320.00    800.00      1.46      3.26
       23:20:00       sda     40.00    800.00   2000.00      2.25     10.29
       23:20:00       sdb     16.00    320.00    800.00      2.25      4.12
       23:30:00       sda     40.00    800.00   2000.00      2.37     11.17
       23:30:00       sdb     16.00    320.00    800.00      2.37      4.47
       23:40:00       sda     40.00    800.00   2000.00      2.07     11.49
       23:40:00       sdb     16.00    320.00    800.00      2.07      4.60
       23:50:00       sda     40.00    800.00   2000.00      2.41      7.61
       23:50:00       sdb     16.00    320.00    800.00      2.41      3.04

       00:00:00     IFACE   rxpck/s   txpck/s    rxkB/s    txkB/s   %ifutil
       00:00:00      eth0   14035.5   13603.6   16842.6   17684.7      5.52
       00:10:00      eth0   16063.3   14217.1   19276.0   18482.2      5.62
       00:20:00      eth0   13772.6   13484.7   16527.1   17530.1      4.76
       00:30:00      eth0   16172.2   14229.0   19406.6   18497.7      6.36
       00:40:00      eth0   14177.4   14112.8   17012.9   18346.6      6.83
       00:50:00      eth0   14291.1   13517.7   17149.3   17573.0      6.11
       01:00:00      eth0   12643.1   13539.2   15171.7   17601.0      6.19
       01:10:00      eth0   13713.8   13551.2   16456.5   17616.5      3.85
       01:20:00      eth0   14964.4   14118.8   17957.3   18354.4      3.40
       01:30:00      eth0   14168.1   13530.8   17001.7   17590.1      3.97
       01:40:00      eth0   12979.6   13602.2   15575.5   17682.8      6.63
       01:50:00      eth0   14869.8   14140.2   17843.7   18382.2      4.69
       02:00:00      eth0   13703.4   13920.4   16444.1   18096.5      3.70
       02:10:00      eth0   13671.8   14167.2   16406.1   18417.4      3.07
       02:20:00      eth0   15304.7   13740.1   18365.6   17862.1      6.92
       02:30:00      eth0   15812.9   14000.8   18975.5   18201.0      3.09
       02:40:00      eth0   15654.0   14028.5   18784.8   18237.0      5.95
       02:50:00      eth0   15052.0   13782.5   18062.4   17917.2      6.45
       03:00:00      eth0   15811.2   14225.6   18973.4   18493.3      5.91
       03:10:00      eth0   14173.7   13484.5   17008.4   17529.8      4.92
       03:20:00      eth0   14621.0   13693.1   17545.2   17801.0      3.81
       03:30:00      eth0   13807.5   13614.2   16569.0   17698.5      6.22
       03:40:00      eth0   15582.6   14105.5   18699.1   18337.1      5.84
       03:50:00      eth0   14331.0   13942.8   17197.2   18125.7      4.26
       04:00:00      eth0   14629.3   14006.6   17555.2   18208.6      4.24
       04:10:00      eth0   12633.7   13569.9   15160.4   17640.9      5.52
       04:20:00      eth0   13267.7   13827.0   15921.2   17975.1      3.04
       04:30:00      eth0   15114.1   13934.2   18136.9   18114.4      4.57
       04:40:00      eth0   15587.8   13942.7   18705.4   18125.5      4.51
       04:50:00      eth0   15392.5   14016.8   18471.0   18221.9      5.57
       05:00:00      eth0   15325.5   13708.0   18390.6   17820.4      6.42
       05:10:00      eth0   13164.4   14083.9   15797.3   18309.1      6.20
       05:20:00      eth0   15098.0   14107.7   18117.6   18340.0      6.78
       05:30:00      eth0   14428.8   13953.0   17314.6   18138.9      6.37
       05:40:00      eth0   14695.4   14206.5   17634.5   18468.4      5.29
       05:50:00      eth0   15069.5   13769.7   18083.4   17900.6      5.25
       06:00:00      eth0   13987.8   13668.6   16785.4   17769.2      3.51
       06:10:00      eth0   13448.8   14173.3   16138.6   18425.3      6.12
       06:20:00      eth0   14614.7   13542.2   17537.6   17604.9      3.49
       06:30:00      eth0   13250.8   13868.7   15900.9   18029.3      3.82
       06:40:00      eth0   15384.6   14031.4   18461.5   18240.8      6.61
       06:50:00      eth0   14713.5   13645.6   17656.2   17739.3      4.04
       07:00:00      eth0   12995.1   13475.2   15594.1   17517.8      5.73
       07:10:00      eth0   12737.7   13606.9   15285.2   17689.0      3.42
       07:20:00      eth0   16018.0   14107.8   19221.6   18340.2      6.71
       07:30:00      eth0   14052.2   13857.9   16862.6   18015.3      5.40
       07:40:00      eth0   13020.8   13611.6   15625.0   17695.1      5.05
       07:50:00      eth0   14341.8   13922.8   17210.1   18099.6      6.93
       08:00:00      eth0   15728.5   14151.2   18874.2   18396.5      5.78
       08:10:00      eth0   13441.2   13469.7   16129.5   17510.6      5.55
       08:20:00      eth0   13944.4   13871.6   16733.3   18033.1      7.00
       08:30:00      eth0   13766.0   13658.9   16519.2   17756.6      3.20
       08:40:00      eth0   14829.0   14205.5   17794.8   18467.1      6.98
       08:50:00      eth0   13897.7   13584.5   16677.2   17659.9      3.68
       09:00:00      eth0   13505.7   13742.8   16206.8   17865.6      5.62
       09:10:00      eth0   14727.5   13582.0   17673.0   17656.6      4.56
       09:20:00      eth0   14127.3   13791.9   16952.7   17929.5      6.89
       09:30:00      eth0   13170.7   13925.8   15804.8   18103.6      5.50
       09:40:00      eth0   13503.0   13812.0   16203.6   17955.6      5.33
       09:50:00      eth0   15097.2   13549.2   18116.6   17613.9      6.14
       10:00:00      eth0   13506.9   14041.0   16208.3   18253.3      4.00
       10:10:00      eth0   13146.8   13941.0   15776.2   18123.3      5.17
       10:20:00      eth0   13559.5   13623.5   16271.4   17710.6      5.98
       10:30:00      eth0   13467.4   13788.0   16160.9   17924.4      6.24
       10:40:00      eth0   13802.1   13790.5   16562.5   17927.7      3.39
       10:50:00      eth0   13176.9   14058.1   15812.3   18275.5      3.85
       11:00:00      eth0   14810.0   13736.8   17772.0   17857.8      4.47
       11:10:00      eth0   13894.3   14079.2   16673.2   18303.0      4.27
       11:20:00      eth0   13832.1   13765.8   16598.5   17895.6      3.78
       11:30:00      eth0   13882.0   14139.2   16658.4   18380.9      3.09
       11:40:00      eth0   15153.5   13882.2   18184.2   18046.8      3.34
       11:50:00      eth0   13598.0   13960.8   16317.6   18149.0      3.88
       12:00:00      eth0   14357.0   13841.3   17228.4   17993.7      5.88
       12:10:00      eth0   15701.8   14102.9   18842.2   18333.8      6.83
       12:20:00      eth0   15933.8   14031.7   19120.5   18241.2      4.50
       12:30:00      eth0   14379.5   13549.8   17255.4   17614.8      6.10
       12:40:00      eth0   13167.2   13603.5   15800.6   17684.5      3.94
       12:50:00      eth0   14244.1   13701.3   17092.9   17811.7      6.27
       13:00:00      eth0   13400.1   13832.8   16080.1   17982.6      3.20
       13:10:00      eth0   13580.8   13967.4   16296.9   18157.6      3.04
       13:20:00      eth0   14020.6   14350.1   16824.7   18655.1      8.70
       13:30:00      eth0   16905.9   15385.7   20287.1   20001.4     13.05
       13:40:00      eth0   18235.9   17401.7   21883.1   22622.2     17.54
       13:50:00      eth0   19004.6   18366.7   22805.5   23876.7     19.19
       14:00:00      eth0   20867.2   19507.5   25040.6   25359.7     23.42
       14:10:00      eth0   20475.4   21059.0   24570.5   27376.7     29.70
       14:20:00      eth0   22918.5   22084.1   27502.2   28709.3     33.08
       14:30:00      eth0   24822.1   23803.8   29786.5   30945.0     39.23
       14:40:00      eth0   24693.2   24497.3   29631.8   31846.5     44.13
       14:50:00      eth0   25401.8   25067.2   30482.2   32587.3     42.82
       15:00:00      eth0   25080.0   23385.2   30096.0   30400.7     40.26
       15:10:00      eth0   21934.6   21876.6   26321.5   28439.6     33.93
       15:20:00      eth0   21392.1   20784.0   25670.5   27019.2     28.01
       15:30:00      eth0   18997.8   19713.2   22797.4   25627.1     23.33
       15:40:00      eth0   20421.9   18044.2   24506.3   23457.4     19.10
       15:50:00      eth0   18180.3   17295.5   21816.4   22484.2     14.60
       16:00:00      eth0   14816.0   15806.1   17779.2   20547.9      9.79
       16:10:00      eth0   15102.7   14396.2   18123.2   18715.0      8.44
       16:20:00      eth0   13555.8   13861.4   16267.0   18019.8      5.27
       16:30:00      eth0   13960.9   13823.0   16753.1   17969.9      5.50
       16:40:00      eth0   13980.8   13776.2   16777.0   17909.0      5.26
       16:50:00      eth0   15644.1   14019.7   18772.9   18225.6      5.93
       17:00:00      eth0   13942.2   13848.2   16730.6   18002.6      3.21
       17:10:00      eth0   16007.0   14162.5   19208.4   18411.3      5.66
       17:20:00      eth0   14789.8   13537.4   17747.7   17598.6      3.50
       17:30:00      eth0   15529.9   14150.1   18635.9   18395.1      4.59
       17:40:00      eth0   16059.8   14179.9   19271.8   18433.9      4.89
       17:50:00      eth0   13245.4   13825.0   15894.5   17972.5      6.52
       18:00:00      eth0   13860.7   14019.8   16632.8   18225.8      6.60
       18:10:00      eth0   13461.2   13633.2   16153.5   17723.2      5.84
       18:20:00      eth0   14829.8   14141.8   17795.7   18384.4      3.92
       18:30:00      eth0   14287.3   13800.2   17144.8   17940.3      5.12
       18:40:00      eth0   13679.3   14042.8   16415.2   18255.7      4.12
       18:50:00      eth0   15438.3   13757.5   18525.9   17884.7      5.00
       19:00:00      eth0   15290.9   13850.5   18349.1   18005.6      5.74
       19:10:00      eth0   15019.2   13800.3   18023.0   17940.4      6.15
       19:20:00      eth0   14974.2   13920.6   17969.1   18096.8      5.29
       19:30:00      eth0   14946.1   13663.8   17935.3   17762.9      3.29
       19:40:00      eth0   13344.9   13494.1   16013.9   17542.3      5.48
       19:50:00      eth0   14541.8   13584.5   17450.2   17659.8      6.32
       20:00:00      eth0   15025.0   13838.1   18030.0   17989.5      6.94
       20:10:00      eth0   13563.0   13763.8   16275.6   17892.9      4.70
       20:20:00      eth0   13513.9   13886.1   16216.7   18051.9      4.85
       20:30:00      eth0   13033.1   13961.4   15639.7   18149.8      4.37
       20:40:00      eth0   14994.3   13754.7   17993.2   17881.1      3.86
       20:50:00      eth0   13941.4   13698.8   16729.7   17808.5      6.97
       21:00:00      eth0   12645.2   13672.7   15174.3   17774.5      3.73
       21:10:00      eth0   14164.7   14182.0   16997.6   18436.6      6.06
       21:20:00      eth0   14915.8   13711.7   17899.0   17825.2      5.08
       21:30:00      eth0   13875.9   13701.8   16651.1   17812.3      5.18
       21:40:00      eth0   14706.6   13677.2   17647.9   17780.3      4.62
       21:50:00      eth0   14254.4   13480.4   17105.3   17524.5      5.26
       22:00:00      eth0   15760.0   13974.3   18912.0   18166.6      6.47
       22:10:00      eth0   14105.4   13714.0   16926.5   17828.2      4.12
       22:20:00      eth0   13893.8   13724.5   16672.5   17841.8      3.60
       22:30:00      eth0   13624.0   13509.9   16348.8   17562.9      3.22
       22:40:00      eth0   14761.6   14147.5   17713.9   18391.8      4.05
       22:50:00      eth0   15434.7   14186.5   18521.6   18442.4      5.51
       23:00:00      eth0   13157.2   14161.2   15788.6   18409.6      3.54
       23:10:00      eth0   13588.3   13984.8   16306.0   18180.2      3.00
       23:20:00      eth0   15294.8   13892.9   18353.7   18060.8      6.88
       23:30:00      eth0   15615.5   14203.0   18738.6   18463.9      3.64
       23:40:00      eth0   13300.7   13643.8   15960.8   17737.0      4.30
       23:50:00      eth0   13801.3   13548.3   16561.6   17612.8      6.09

